#To run model 
python algo.py test2


All item [0 1 2 3 4 5 6 7 8 9]
Top k items [3 4 0 1 2]
Updating Batch Reward list and context
-------------Complete-----------
Reward model save


All item [0 1 2 3 4 5 6 7 8 9]
Top k items [0 1 2 4 3]
Updating Batch Reward list and context
-------------Complete-----------
Reward model save


All item [0 1 2 3 4]
Top k items [0 1 4 3 2]
Updating Batch Reward list and context
-------------Complete-----------
Reward model save


All item [0 1 2 3 4]
Input all reward list [array([[0.05375237]]), array([[0.00578542]]), array([[0.04082461]]), array([[0.02751526]]), array([[0.02033958]])]

Exploitation reward [array([[0.05375237]]), array([[0.04082461]])]

Expolaration : 3, so the expolaration rewrds [array([[0.02751526]]), array([[0.02033958]]), array([[0.00578542]])]

Top k items [0 1 2 4 3]
Updating Batch Reward list and context
-------------Complete-----------
Reward model save

All item [0 1 2 3 4]
Input all reward list [array([[0.06412207]]), array([[0.01080819]]), array([[-0.01225578]]), array([[0.05113878]]), array([[-0.07653962]])]

Exploitation reward [array([[0.06412207]]), array([[0.05113878]])]

Expolaration : 3, so the expolaration rewrds [array([[0.01080819]]), array([[-0.01225578]]), array([[-0.07653962]])]

Top k items [0 1 2 3 4]
Updating Batch Reward list and context
Before Batch Update 
B : [array([[13.87670792, 10.67726614,  9.84936412, 11.35079531, 11.53360372],
       [10.67726614, 17.85238907, 11.66997808, 13.72198865, 14.66502051],
       [ 9.84936412, 11.66997808, 14.61523827, 12.61316086, 12.23113697],
       [11.35079531, 13.72198865, 12.61316086, 19.14014492, 14.62699719],
       [11.53360372, 14.66502051, 12.23113697, 14.62699719, 19.64113392]]), array([[15.43837575, 12.21262606, 11.59686652, 10.9685185 , 10.67396835],
       [12.21262606, 16.55334254, 12.1017366 , 11.16699624, 11.43241309],
       [11.59686652, 12.1017366 , 16.64543479, 12.30339507, 11.799841  ],
       [10.9685185 , 11.16699624, 12.30339507, 15.77137728, 11.11723653],
       [10.67396835, 11.43241309, 11.799841  , 11.11723653, 16.25026939]]), array([[12.66715961, 10.44093021, 11.19528448,  9.05850971,  7.79199925],
       [10.44093021, 17.68242057, 13.12011521, 12.98737611, 11.09763332],
       [11.19528448, 13.12011521, 17.98072951, 12.62581051, 11.14603443],
       [ 9.05850971, 12.98737611, 12.62581051, 16.59049184, 10.60706592],
       [ 7.79199925, 11.09763332, 11.14603443, 10.60706592, 13.19641325]]), array([[13.70408536,  9.91417168,  8.99833142,  9.54563679, 11.60214534],
       [ 9.91417168, 17.05853499, 11.0680131 , 14.19109031, 12.88888324],
       [ 8.99833142, 11.0680131 , 14.19041077, 10.61551359, 11.72231506],
       [ 9.54563679, 14.19109031, 10.61551359, 19.1678106 , 12.70926922],
       [11.60214534, 12.88888324, 11.72231506, 12.70926922, 17.68979466]]), array([[19.38911964, 13.63069807, 13.14689268, 13.12558963, 12.88694609],
       [13.63069807, 17.99462306, 12.58310575, 13.83400441, 11.39964258],
       [13.14689268, 12.58310575, 16.34023679, 11.69363376, 10.89374458],
       [13.12558963, 13.83400441, 11.69363376, 16.24178726, 10.87652255],
       [12.88694609, 11.39964258, 10.89374458, 10.87652255, 14.53611813]])], Mu Hat: [array([[ 0.08244266],
       [-0.07620568],
       [ 0.03671592],
       [-0.01008355],
       [ 0.01641016]]), array([[-0.0067384 ],
       [ 0.02962251],
       [-0.04127476],
       [-0.04266487],
       [ 0.06166787]]), array([[-0.03559409],
       [ 0.00812746],
       [ 0.03227582],
       [ 0.06143598],
       [-0.01742623]]), array([[-0.08360263],
       [-0.00992526],
       [ 0.05650046],
       [ 0.02293918],
       [ 0.05024813]]), array([[-0.04538462],
       [ 0.00836807],
       [-0.06184249],
       [ 0.06976501],
       [-0.00962162]])] , F : [array([[0.76680479],
       [0.05057172],
       [0.53283052],
       [0.40023082],
       [0.4572026 ]]), array([[-0.03064875],
       [ 0.13713583],
       [-0.20394856],
       [-0.23824297],
       [ 0.30749976]]), array([[0.41605244],
       [0.80004245],
       [0.86993568],
       [1.02504528],
       [0.59428555]]), array([[0.06626672],
       [0.60036082],
       [0.77216322],
       [0.73920162],
       [0.74484008]]), array([[-0.78722806],
       [-0.39076785],
       [-0.79090024],
       [-0.17464065],
       [-0.54423266]])]

After Batch Update
B : [array([[14.03072827, 10.80808836,  9.98474674, 11.48305624, 11.81625402],
       [10.80808836, 17.9635072 , 11.78496974, 13.83432879, 14.90509878],
       [ 9.98474674, 11.78496974, 14.73423848, 12.72941713, 12.47958425],
       [11.48305624, 13.83432879, 12.72941713, 19.25372051, 14.8697157 ],
       [11.81625402, 14.90509878, 12.47958425, 14.8697157 , 20.15983933]]), array([[15.71937052, 12.51959262, 11.7845101 , 11.19793009, 11.00935833],
       [12.51959262, 16.88868142, 12.30672371, 11.4176119 , 11.79880251],
       [11.7845101 , 12.30672371, 16.77074001, 12.45659227, 12.02380879],
       [11.19793009, 11.4176119 , 12.45659227, 15.95867501, 11.39105782],
       [11.00935833, 11.79880251, 12.02380879, 11.39105782, 16.65058446]]), array([[13.0610942 , 10.61664035, 11.44262991,  9.3227748 ,  8.36621674],
       [10.61664035, 17.76079412, 13.23044089, 13.10524862, 11.35375665],
       [11.44262991, 13.23044089, 18.13603388, 12.79173847, 11.50657671],
       [ 9.3227748 , 13.10524862, 12.79173847, 16.7677701 , 10.99227109],
       [ 8.36621674, 11.35375665, 11.50657671, 10.99227109, 14.03341956]]), array([[13.84418307, 10.06843107,  9.24039928,  9.87520025, 11.65216422],
       [10.06843107, 17.22838757, 11.33455022, 14.55396746, 12.94395824],
       [ 9.24039928, 11.33455022, 14.60866781, 11.18494992, 11.80874019],
       [ 9.87520025, 14.55396746, 11.18494992, 19.94307009, 12.82693277],
       [11.65216422, 12.94395824, 11.80874019, 12.82693277, 17.70765283]]), array([[20.28133963, 13.87831404, 13.47427822, 13.246381  , 13.38633746],
       [13.87831404, 18.0633434 , 12.67396439, 13.86752739, 11.53823764],
       [13.47427822, 12.67396439, 16.46036556, 11.73795618, 11.07698809],
       [13.246381  , 13.86752739, 11.73795618, 16.25814036, 10.94413163],
       [13.38633746, 11.53823764, 11.07698809, 10.94413163, 14.81563636]])], Mu Hat: [array([[ 0.08280725],
       [-0.07707429],
       [ 0.03671038],
       [-0.01075095],
       [ 0.01862346]]), array([[-0.0068733 ],
       [ 0.02945035],
       [-0.04101847],
       [-0.04266648],
       [ 0.06136388]]), array([[-0.03659137],
       [ 0.009004  ],
       [ 0.03296854],
       [ 0.06153861],
       [-0.01915635]]), array([[-0.08306776],
       [-0.01070143],
       [ 0.05796434],
       [ 0.02458009],
       [ 0.04847277]]), array([[-0.04704548],
       [ 0.00858815],
       [-0.06157806],
       [ 0.07077534],
       [-0.00988816]])] , F : [array([[0.79196976],
       [0.07194642],
       [0.55495033],
       [0.42184058],
       [0.50338409]]), array([[-0.02491945],
       [ 0.14339469],
       [-0.20012262],
       [-0.23356541],
       [ 0.31433815]]), array([[0.4083602 ],
       [0.79661142],
       [0.86510584],
       [1.01988506],
       [0.58307298]]), array([[0.08540777],
       [0.62143674],
       [0.8052361 ],
       [0.78422872],
       [0.75167398]]), array([[-0.8595254 ],
       [-0.41083238],
       [-0.81742857],
       [-0.18442847],
       [-0.58469877]])]
-------------Complete-----------
Reward model save

